%YAML:1.0
---
my_histogram: !!opencv-matrix
   rows: 30
   cols: 32
   dt: f
   data: [ 0., 0., 2., 1., 0., 2., 0., 2., 2., 0., 0., 0., 0., 0., 0.,
       0., 0., 0., 0., 0., 0., 0., 0., 0., 0., 0., 0., 0., 0., 0., 0.,
       0., 0., 0., 0., 0., 0., 1., 2., 1., 0., 1., 0., 0., 0., 0., 0.,
       1., 0., 0., 0., 0., 0., 0., 0., 0., 0., 0., 0., 0., 0., 0., 0.,
       0., 0., 1., 0., 0., 1., 1., 2., 3., 2., 1., 0., 0., 0., 0., 1.,
       0., 0., 0., 0., 0., 0., 0., 0., 0., 0., 0., 0., 0., 0., 0., 0.,
       0., 0., 0., 0., 0., 0., 1., 0., 1., 0., 1., 1., 2., 0., 0., 0.,
       0., 0., 0., 0., 0., 0., 0., 0., 0., 0., 0., 0., 0., 0., 0., 0.,
       0., 0., 0., 1., 0., 0., 0., 4., 1., 1., 0., 3., 4., 3., 1., 3.,
       3., 0., 0., 0., 0., 0., 0., 0., 0., 0., 0., 0., 0., 0., 0., 0.,
       0., 1., 0., 2., 0., 2., 2., 1., 0., 2., 0., 1., 1., 2., 1., 2.,
       0., 0., 0., 0., 0., 0., 0., 0., 0., 0., 0., 0., 0., 0., 0., 0.,
       0., 0., 0., 1., 0., 3., 0., 1., 1., 1., 1., 0., 0., 0., 0., 0.,
       0., 0., 0., 0., 0., 0., 0., 0., 0., 0., 0., 0., 0., 0., 0., 0.,
       0., 0., 1., 1., 0., 3., 8., 2., 0., 0., 0., 0., 0., 0., 0., 0.,
       0., 0., 0., 0., 0., 0., 0., 0., 0., 0., 0., 0., 0., 0., 0., 0.,
       0., 0., 1., 4., 3., 4., 4., 1., 2., 0., 0., 0., 0., 0., 0., 0.,
       0., 0., 0., 0., 0., 0., 0., 0., 0., 0., 0., 0., 0., 0., 0., 0.,
       0., 0., 0., 1., 8., 3., 1., 1., 0., 0., 0., 0., 0., 0., 0., 0.,
       0., 0., 0., 0., 0., 0., 0., 0., 0., 0., 0., 0., 0., 0., 0., 0.,
       0., 3., 1., 27., 8., 9., 2., 1., 0., 0., 0., 0., 0., 0., 0., 0.,
       0., 0., 0., 0., 0., 0., 0., 0., 0., 0., 0., 0., 0., 0., 0., 0.,
       0., 0., 2., 17., 13., 9., 6., 9., 3., 0., 0., 0., 1., 0., 0., 0.,
       0., 0., 0., 0., 0., 0., 0., 0., 0., 0., 0., 0., 0., 0., 0., 0.,
       0., 0., 2., 34., 19., 22., 7., 8., 7., 6., 0., 4., 7., 8., 4., 2.,
       3., 2., 0., 0., 0., 0., 0., 0., 0., 0., 0., 0., 0., 0., 0., 0.,
       0., 0., 0., 29., 30., 22., 15., 12., 7., 4., 7., 6., 9., 8., 13.,
       23., 48., 40., 6., 1., 0., 0., 0., 0., 0., 0., 0., 0., 0., 0., 0.,
       0., 0., 0., 0., 19., 38., 16., 22., 13., 8., 5., 6., 7., 4., 4.,
       4., 10., 6., 6., 1., 2., 0., 0., 0., 0., 0., 0., 0., 0., 0., 0.,
       0., 0., 0., 3., 4., 19., 26., 32., 54., 37., 19., 18., 8., 11.,
       8., 7., 5., 7., 5., 4., 1., 0., 0., 0., 0., 0., 0., 0., 0., 0.,
       0., 0., 0., 0., 0., 0., 1., 6., 21., 17., 32., 29., 31., 21., 21.,
       16., 19., 13., 5., 11., 8., 8., 5., 21., 38., 15., 0., 0., 0., 0.,
       0., 0., 0., 0., 0., 0., 0., 0., 3., 12., 11., 12., 17., 25., 28.,
       33., 32., 14., 14., 19., 25., 23., 20., 21., 9., 6., 10., 5., 4.,
       3., 0., 0., 0., 0., 0., 0., 0., 0., 0., 0., 1., 5., 7., 14., 15.,
       14., 14., 14., 29., 46., 72., 127., 157., 128., 59., 28., 21.,
       17., 12., 19., 12., 13., 4., 1., 0., 0., 0., 0., 0., 0., 0., 0.,
       0., 1., 0., 3., 5., 9., 8., 14., 12., 18., 35., 47., 51., 43.,
       21., 16., 25., 24., 23., 10., 10., 13., 9., 0., 0., 0., 0., 0.,
       0., 0., 0., 3., 1., 5., 5., 2., 9., 3., 2., 4., 7., 6., 9., 6.,
       7., 15., 13., 78., 122., 87., 74., 91., 20., 1., 0., 0., 0., 0.,
       0., 0., 0., 0., 0., 0., 1., 2., 5., 0., 1., 2., 2., 1., 3., 2.,
       2., 1., 0., 0., 1., 2., 0., 0., 0., 0., 0., 0., 0., 0., 0., 0.,
       0., 0., 0., 0., 0., 0., 0., 0., 2., 0., 0., 1., 0., 0., 0., 1.,
       0., 0., 0., 0., 0., 1., 0., 0., 0., 0., 0., 0., 0., 0., 0., 0.,
       0., 0., 0., 0., 0., 0., 0., 1., 0., 0., 2., 0., 0., 1., 0., 0.,
       0., 0., 0., 0., 0., 0., 0., 0., 0., 0., 0., 0., 0., 0., 0., 0.,
       0., 0., 0., 0., 0., 0., 0., 0., 0., 0., 0., 0., 0., 1., 0., 0.,
       0., 0., 0., 0., 0., 0., 0., 0., 0., 0., 0., 0., 0., 0., 0., 0.,
       0., 0., 0., 0., 0., 0., 0., 0., 0., 0., 0., 0., 0., 0., 0., 0.,
       0., 0., 0., 0., 0., 0., 0., 0., 0., 0., 0., 0., 0., 0., 0., 0.,
       0., 0., 0., 0., 0., 0., 0., 0., 1., 0., 0., 0., 0., 0., 0., 0.,
       0., 0., 0., 0., 0., 0., 0., 0., 0., 0., 0., 0., 0., 0., 0., 0.,
       0., 0., 0., 0., 0., 0., 2., 1., 1., 0., 0., 0., 1., 0., 0., 0.,
       0., 0., 0., 0., 0., 0., 0., 0., 0., 0., 0., 0., 0., 0., 0., 0.,
       0., 0., 0., 0., 0., 0., 1., 0., 1., 0., 0., 0., 0., 0., 0., 0.,
       0., 0., 0., 0., 0., 0., 0., 0., 0., 0., 0., 0., 0., 0., 0., 0.,
       0., 0., 0., 0., 0., 0., 0., 0., 0., 0., 0., 0., 0., 0., 0., 0.,
       0., 0., 0., 0., 0., 0., 0., 0., 0., 0., 0., 0., 0., 0., 0., 0.,
       0., 0., 0., 0., 0. ]
