%YAML:1.0
---
my_histogram: !!opencv-matrix
   rows: 30
   cols: 32
   dt: f
   data: [ 43., 0., 1., 0., 0., 0., 0., 0., 0., 0., 0., 0., 0., 0., 0.,
       0., 0., 0., 0., 0., 0., 0., 0., 0., 0., 0., 0., 0., 0., 0., 0.,
       0., 0., 0., 2., 3., 1., 0., 0., 0., 0., 0., 0., 0., 0., 0., 0.,
       0., 0., 0., 0., 0., 0., 0., 0., 0., 0., 0., 0., 0., 0., 0., 0.,
       0., 0., 2., 0., 2., 0., 1., 2., 1., 0., 0., 1., 0., 0., 0., 0.,
       0., 0., 0., 0., 0., 0., 0., 0., 0., 0., 0., 0., 0., 0., 0., 0.,
       0., 0., 0., 2., 2., 1., 2., 1., 3., 2., 3., 1., 2., 3., 2., 1.,
       1., 0., 0., 0., 0., 0., 0., 0., 0., 0., 0., 0., 0., 0., 0., 0.,
       0., 0., 0., 3., 2., 1., 1., 1., 2., 4., 4., 2., 2., 8., 10., 12.,
       16., 21., 17., 3., 0., 0., 0., 0., 0., 0., 0., 0., 0., 0., 0., 0.,
       0., 1., 3., 5., 4., 4., 4., 4., 1., 7., 6., 4., 7., 4., 4., 6.,
       4., 0., 0., 0., 0., 0., 0., 0., 0., 0., 0., 0., 0., 0., 0., 0.,
       0., 0., 2., 10., 3., 12., 10., 8., 1., 0., 0., 3., 0., 0., 0., 0.,
       0., 0., 0., 0., 0., 0., 0., 0., 0., 0., 0., 0., 0., 0., 0., 0.,
       0., 0., 6., 3., 8., 4., 8., 4., 1., 1., 0., 0., 0., 0., 0., 0.,
       0., 0., 0., 0., 0., 0., 0., 0., 0., 0., 0., 0., 0., 0., 0., 0.,
       0., 0., 1., 13., 7., 6., 5., 3., 2., 1., 1., 0., 1., 0., 0., 0.,
       0., 0., 0., 0., 0., 0., 0., 0., 0., 0., 0., 0., 0., 0., 0., 0.,
       0., 0., 1., 3., 6., 6., 2., 3., 0., 0., 0., 0., 0., 0., 0., 0.,
       0., 0., 0., 0., 0., 0., 0., 0., 0., 0., 0., 0., 0., 0., 0., 0.,
       0., 4., 11., 11., 22., 17., 5., 2., 1., 1., 0., 0., 0., 0., 0.,
       0., 0., 0., 0., 0., 0., 0., 0., 0., 0., 0., 0., 0., 0., 0., 0.,
       0., 0., 0., 4., 26., 33., 22., 8., 9., 4., 1., 2., 0., 0., 1., 0.,
       0., 0., 0., 0., 0., 0., 0., 0., 0., 0., 0., 0., 0., 0., 0., 0.,
       0., 0., 1., 11., 31., 57., 45., 22., 11., 5., 7., 10., 3., 9.,
       13., 23., 21., 14., 0., 0., 0., 0., 0., 0., 0., 0., 0., 0., 0.,
       0., 0., 0., 0., 0., 1., 2., 23., 70., 48., 21., 12., 13., 11.,
       12., 16., 18., 40., 47., 107., 65., 5., 1., 0., 0., 0., 0., 0.,
       0., 0., 0., 0., 0., 0., 0., 0., 0., 1., 1., 15., 31., 62., 20.,
       22., 22., 14., 17., 10., 15., 17., 36., 32., 21., 4., 2., 0., 1.,
       0., 0., 0., 0., 0., 0., 0., 0., 0., 0., 0., 0., 18., 7., 20., 27.,
       32., 40., 41., 26., 18., 18., 12., 21., 20., 46., 19., 11., 6.,
       5., 2., 1., 0., 0., 0., 0., 0., 0., 0., 0., 0., 0., 0., 0., 0.,
       2., 3., 9., 14., 16., 28., 39., 31., 17., 20., 12., 9., 11., 12.,
       11., 21., 29., 38., 14., 15., 7., 0., 0., 0., 0., 0., 0., 0., 0.,
       0., 0., 0., 0., 4., 5., 9., 10., 8., 13., 16., 16., 20., 28., 21.,
       24., 30., 29., 24., 23., 18., 12., 5., 4., 0., 0., 0., 0., 0., 0.,
       0., 0., 0., 0., 0., 1., 3., 3., 5., 4., 10., 9., 13., 20., 25.,
       90., 163., 174., 178., 78., 35., 29., 24., 17., 14., 5., 2., 0.,
       0., 0., 0., 0., 0., 0., 0., 0., 0., 0., 0., 0., 1., 2., 2., 4.,
       13., 4., 8., 14., 20., 44., 83., 67., 19., 17., 13., 9., 4., 3.,
       1., 0., 0., 0., 0., 0., 0., 0., 0., 0., 0., 6., 1., 2., 0., 0.,
       0., 3., 0., 3., 2., 4., 7., 6., 9., 17., 14., 22., 45., 80., 67.,
       10., 0., 0., 0., 0., 0., 0., 0., 0., 0., 0., 0., 0., 1., 1., 0.,
       0., 0., 0., 0., 1., 2., 2., 1., 4., 0., 0., 0., 0., 0., 0., 0.,
       1., 0., 0., 0., 0., 0., 0., 0., 0., 0., 0., 0., 1., 0., 0., 1.,
       1., 0., 0., 0., 0., 0., 0., 0., 0., 0., 1., 0., 0., 0., 0., 0.,
       0., 0., 0., 0., 0., 0., 0., 0., 0., 0., 0., 0., 0., 1., 0., 0.,
       0., 1., 1., 1., 0., 0., 0., 0., 0., 0., 0., 0., 0., 0., 0., 0.,
       0., 0., 0., 0., 0., 0., 0., 0., 0., 0., 0., 0., 0., 0., 0., 0.,
       0., 0., 0., 0., 0., 0., 0., 0., 0., 0., 0., 0., 0., 0., 0., 0.,
       0., 0., 0., 0., 0., 0., 0., 0., 0., 0., 0., 0., 2., 0., 0., 0.,
       0., 0., 0., 0., 0., 0., 0., 0., 0., 0., 0., 0., 0., 0., 0., 0.,
       0., 0., 0., 0., 0., 0., 0., 0., 0., 0., 0., 0., 0., 0., 0., 0.,
       0., 0., 0., 0., 0., 0., 0., 0., 0., 0., 0., 0., 0., 0., 0., 0.,
       0., 0., 0., 0., 0., 0., 0., 0., 0., 0., 0., 0., 2., 0., 0., 0.,
       1., 0., 0., 0., 0., 0., 0., 0., 0., 0., 0., 0., 0., 0., 0., 0.,
       0., 0., 0., 0., 0., 0., 0., 0., 0., 0., 0., 0., 0., 0., 0., 0.,
       0., 0., 0., 0., 0., 0., 0., 0., 0., 0., 0., 0., 0., 0., 0., 0.,
       0., 0., 0., 0., 0., 0., 0., 0., 0., 0., 0., 0., 0., 0., 1., 0.,
       1., 0., 0., 0., 0., 0., 0., 0., 0., 0., 0., 0., 0., 0., 0., 0.,
       0., 0., 0., 0., 0., 0., 0., 0., 0., 0., 0. ]
